01001001000000000000000000000000000
000010010############00010000000000
000011101############00011011000000
000011000############00011011000000
01101010000000000000000000000000000
000010010############00010000010000
000011001############00011011000001
000010111############00011011000001
00000000000000000000000000000000000
000010010############00010000100000
00000000000000000000000000000000000
00000000000000000000000000000000000
00001001000000010000010011000000000
000010010############00010000000000
00001001000001000001000000101000001
00001110010000000001000000000000000
00101000000000000000000000000001110
00101000100000000000000000000001100
000100001############00000000000000
000100001############00000000000000
00001001000001011000010111000000000
00001001000001011000010100110000001
00001001000000010000010000100000001
00001000001000000010000000000110010
00001000101000000010000000000110000
00101100101000000000000000000001000
00000000000000000000000000000000000
00001001000001100100000000000000010
00101110001001001000000100000001000
00101110101000000000000000000001000
00001001000000010100001000000000010
00001001000001100100000000000000000
10000000000010000000000000000000000
001100001############00000000001000
00000000000000000000000000000000000
000100000############00000000000010
00000000000000000000000000000000000
00000000000000000000000000000000000
00000000000000000000000000000000000
00000000000000000000000000000000000
00000000000000000000000000000000000
00000000000000000000000000000000000
00000000000000000000000000000000000
00000000000000000000000000000000000
00000000000000000000000000000000000
00000000000000000000000000000000000
00000000000000000000000000000000000
00000000000000000000000000000000000
00000000000000000000000000000000000
00000000000000000000000000000000000
00000000000000000000000000000000000
00000000000000000000000000000000000
00000000000000000000000000000000000
00000000000000000000000000000000000
00000000000000000000000000000000000
00000000000000000000000000000000000
00000000000000000000000000000000000
00000000000000000000000000000000000
00000000000000000000000000000000000
00000000000000000000000000000000000
00000000000000000000000000000000000
00000000000000000000000000000000000
00000000000000000000000000000000000
00000000000000000000000000000000000

